# 1房1廳 - 詳細分析

> 新北市房地產市場分析

[← 返回目錄](./README.md)

---

## 1房1廳

### 📈 (一) 近12季平均價格趨勢

| 季度 | 交易量<br>(筆) | 平均總價<br>(萬元) | 中位總價<br>(萬元) | 平均單價<br>(萬/坪) | 中位單價<br>(萬/坪) | 平均面積<br>(坪) |
|:----:|------:|--------:|--------:|----------:|----------:|-------:|
| 2025.0Q2.0 | 1 | 1,350.0 | 1,350.0 | 3.26 | 3.26 | 37.6 |
| 2025.0Q1.0 | 1 | 2,200.0 | 2,200.0 | 2.04 | 2.04 | 98.8 |
| 2024.0Q4.0 | 2 | 1,337.0 | 1,337.0 | 5.74 | 5.74 | 20.1 |
| 2024.0Q3.0 | 3 | 1,726.7 | 1,100.0 | 5.38 | 5.26 | 27.7 |
| 2024.0Q2.0 | 2 | 1,810.0 | 1,810.0 | 3.71 | 3.71 | 54.3 |
| 2024.0Q1.0 | 2 | 732.5 | 732.5 | 5.90 | 5.90 | 12.2 |
| 2023.0Q4.0 | 2 | 1,762.5 | 1,762.5 | 4.53 | 4.53 | 44.0 |
| 2023.0Q3.0 | 4 | 2,058.8 | 1,950.0 | 4.50 | 4.10 | 48.8 |
| 2023.0Q2.0 | 5 | 1,945.6 | 1,940.0 | 4.43 | 5.21 | 45.8 |
| 2023.0Q1.0 | 2 | 1,933.5 | 1,933.5 | 4.12 | 4.12 | 43.0 |

### 💰 (二) 最貴5筆交易（最近3季）

#### 📅 2023.0Q2.0

| 排名 | 地區 | 總價(萬) | 單價(萬/坪) | 面積(坪) | 地段 |
|:----:|:----:|--------:|-----------:|--------:|:-----|
| 1 | 新莊區 | 2,580.0 | 3.15 | 74.9 | 新北市新莊區中正路６５１之６號七樓 |
| 2 | 新莊區 | 2,580.0 | 3.15 | 74.9 | 新北市新莊區中正路６５１之７號七樓 |
| 3 | 三重區 | 1,940.0 | 5.36 | 33.1 | 新北市三重區重陽路一段４４巷３９號 |
| 4 | 新店區 | 1,660.0 | 5.25 | 28.9 | 新北市新店區永新街３２號三樓 |
| 5 | 新莊區 | 968.0 | 5.21 | 17.0 | 新北市新莊區中信街１７６號二十一樓之一 |

### 💸 (三) 最便宜5筆交易（最近3季）

#### 📅 2023.0Q2.0

| 排名 | 地區 | 總價(萬) | 單價(萬/坪) | 面積(坪) | 地段 |
|:----:|:----:|--------:|-----------:|--------:|:-----|
| 1 | 新莊區 | 968.0 | 5.21 | 17.0 | 新北市新莊區中信街１７６號二十一樓之一 |
| 2 | 新店區 | 1,660.0 | 5.25 | 28.9 | 新北市新店區永新街３２號三樓 |
| 3 | 三重區 | 1,940.0 | 5.36 | 33.1 | 新北市三重區重陽路一段４４巷３９號 |
| 4 | 新莊區 | 2,580.0 | 3.15 | 74.9 | 新北市新莊區中正路６５１之６號七樓 |
| 5 | 新莊區 | 2,580.0 | 3.15 | 74.9 | 新北市新莊區中正路６５１之７號七樓 |

---

---

## 導航

[← 上一個: 1房](./1房.md) | [返回目錄](./README.md) | [下一個: 1房1廳1衛 →](./1房1廳1衛.md)
