# 2房3廳3衛 - 詳細分析

> 新北市房地產市場分析

[← 返回目錄](./README.md)

---

## 2房3廳3衛

### 📈 (一) 近12季平均價格趨勢

| 季度 | 交易量<br>(筆) | 平均總價<br>(萬元) | 中位總價<br>(萬元) | 平均單價<br>(萬/坪) | 中位單價<br>(萬/坪) | 平均面積<br>(坪) |
|:----:|------:|--------:|--------:|----------:|----------:|-------:|
| 2025.0Q2.0 | 2 | 3,850.0 | 3,850.0 | 5.41 | 5.41 | 73.4 |
| 2025.0Q1.0 | 1 | 650.0 | 650.0 | 2.04 | 2.04 | 29.2 |
| 2024.0Q4.0 | 1 | 2,555.0 | 2,555.0 | 7.24 | 7.24 | 32.3 |
| 2024.0Q2.0 | 4 | 1,954.5 | 1,834.0 | 4.26 | 4.15 | 43.7 |
| 2024.0Q1.0 | 1 | 5,500.0 | 5,500.0 | 4.88 | 4.88 | 103.1 |
| 2023.0Q4.0 | 2 | 3,230.0 | 3,230.0 | 5.88 | 5.88 | 62.1 |
| 2023.0Q3.0 | 2 | 2,859.0 | 2,859.0 | 4.29 | 4.29 | 66.2 |
| 2023.0Q2.0 | 2 | 794.0 | 794.0 | 2.27 | 2.27 | 33.8 |
| 2023.0Q1.0 | 5 | 2,976.0 | 1,850.0 | 4.27 | 4.11 | 56.2 |

### 💰 (二) 最貴5筆交易（最近3季）

#### 📅 2023.0Q1.0

| 排名 | 地區 | 總價(萬) | 單價(萬/坪) | 面積(坪) | 地段 |
|:----:|:----:|--------:|-----------:|--------:|:-----|
| 1 | 新店區 | 5,700.0 | 5.55 | 97.9 | 新北市新店區中央三街２９號十二樓 |
| 2 | 板橋區 | 5,500.0 | 6.89 | 73.1 | 新北市板橋區漢生東路２６８之２號二十八樓 |
| 3 | 中和區 | 1,850.0 | 4.11 | 41.2 | 新北市中和區大勇街６０巷３３號 |
| 4 | 新店區 | 1,200.0 | 3.07 | 35.8 | 新北市新店區安泰路１１巷１３號 |
| 5 | 三芝區 | 630.0 | 1.74 | 33.1 | 新北市三芝區淺水灣街１４之２２號五樓 |

### 💸 (三) 最便宜5筆交易（最近3季）

#### 📅 2023.0Q1.0

| 排名 | 地區 | 總價(萬) | 單價(萬/坪) | 面積(坪) | 地段 |
|:----:|:----:|--------:|-----------:|--------:|:-----|
| 1 | 三芝區 | 630.0 | 1.74 | 33.1 | 新北市三芝區淺水灣街１４之２２號五樓 |
| 2 | 新店區 | 1,200.0 | 3.07 | 35.8 | 新北市新店區安泰路１１巷１３號 |
| 3 | 中和區 | 1,850.0 | 4.11 | 41.2 | 新北市中和區大勇街６０巷３３號 |
| 4 | 板橋區 | 5,500.0 | 6.89 | 73.1 | 新北市板橋區漢生東路２６８之２號二十八樓 |
| 5 | 新店區 | 5,700.0 | 5.55 | 97.9 | 新北市新店區中央三街２９號十二樓 |

---

---

## 導航

[← 上一個: 2房3廳2衛](./2房3廳2衛.md) | [返回目錄](./README.md) | [下一個: 3房 →](./3房.md)
