# 3房4廳3衛 - 詳細分析

> 新北市房地產市場分析

[← 返回目錄](./README.md)

---

## 3房4廳3衛

### 📈 (一) 近12季平均價格趨勢

| 季度 | 交易量<br>(筆) | 平均總價<br>(萬元) | 中位總價<br>(萬元) | 平均單價<br>(萬/坪) | 中位單價<br>(萬/坪) | 平均面積<br>(坪) |
|:----:|------:|--------:|--------:|----------:|----------:|-------:|
| 2025.0Q2.0 | 2 | 2,390.0 | 2,390.0 | 3.43 | 3.43 | 64.4 |
| 2024.0Q3.0 | 4 | 2,261.2 | 2,255.0 | 3.15 | 3.45 | 66.7 |
| 2024.0Q2.0 | 5 | 2,335.0 | 2,100.0 | 2.50 | 2.44 | 82.3 |
| 2024.0Q1.0 | 4 | 1,515.0 | 1,300.0 | 2.69 | 2.89 | 52.1 |
| 2023.0Q4.0 | 4 | 2,142.5 | 2,090.0 | 2.86 | 3.10 | 67.3 |
| 2023.0Q3.0 | 1 | 1,630.0 | 1,630.0 | 2.05 | 2.05 | 72.9 |
| 2023.0Q2.0 | 1 | 4,830.0 | 4,830.0 | 5.85 | 5.85 | 75.6 |
| 2023.0Q1.0 | 1 | 1,300.0 | 1,300.0 | 2.01 | 2.01 | 59.1 |

### 💰 (二) 最貴5筆交易（最近3季）

#### 📅 2024.0Q2.0

| 排名 | 地區 | 總價(萬) | 單價(萬/坪) | 面積(坪) | 地段 |
|:----:|:----:|--------:|-----------:|--------:|:-----|
| 1 | 林口區 | 4,100.0 | 3.23 | 116.3 | 新北市林口區東明三街３４２巷１３２號 |
| 2 | 淡水區 | 2,250.0 | 2.40 | 86.0 | 新北市淡水區中正路二段１４１之１號 |
| 3 | 板橋區 | 2,100.0 | 2.58 | 74.6 | 新北市板橋區溪崑二街１２４巷２４號四樓 |
| 4 | 淡水區 | 2,065.0 | 2.44 | 77.6 | 新北市淡水區中正路二段１５２巷１６號 |
| 5 | 新店區 | 1,160.0 | 1.85 | 57.3 | 新北市新店區黎明路６５巷１８號三樓 |

### 💸 (三) 最便宜5筆交易（最近3季）

#### 📅 2024.0Q2.0

| 排名 | 地區 | 總價(萬) | 單價(萬/坪) | 面積(坪) | 地段 |
|:----:|:----:|--------:|-----------:|--------:|:-----|
| 1 | 新店區 | 1,160.0 | 1.85 | 57.3 | 新北市新店區黎明路６５巷１８號三樓 |
| 2 | 淡水區 | 2,065.0 | 2.44 | 77.6 | 新北市淡水區中正路二段１５２巷１６號 |
| 3 | 板橋區 | 2,100.0 | 2.58 | 74.6 | 新北市板橋區溪崑二街１２４巷２４號四樓 |
| 4 | 淡水區 | 2,250.0 | 2.40 | 86.0 | 新北市淡水區中正路二段１４１之１號 |
| 5 | 林口區 | 4,100.0 | 3.23 | 116.3 | 新北市林口區東明三街３４２巷１３２號 |

---

---

## 導航

[← 上一個: 3房4廳2衛](./3房4廳2衛.md) | [返回目錄](./README.md) | [下一個: 4房1廳 →](./4房1廳.md)
