# 4房3廳5衛 - 詳細分析

> 新北市房地產市場分析

[← 返回目錄](./README.md)

---

## 4房3廳5衛

### 📈 (一) 近12季平均價格趨勢

| 季度 | 交易量<br>(筆) | 平均總價<br>(萬元) | 中位總價<br>(萬元) | 平均單價<br>(萬/坪) | 中位單價<br>(萬/坪) | 平均面積<br>(坪) |
|:----:|------:|--------:|--------:|----------:|----------:|-------:|
| 2025.0Q3.0 | 1 | 2,666.0 | 2,666.0 | 2.29 | 2.29 | 106.4 |
| 2025.0Q1.0 | 1 | 1,780.0 | 1,780.0 | 2.12 | 2.12 | 77.0 |
| 2024.0Q3.0 | 1 | 1,710.0 | 1,710.0 | 5.88 | 5.88 | 26.6 |
| 2024.0Q2.0 | 3 | 2,912.7 | 2,258.0 | 2.89 | 2.53 | 89.0 |
| 2024.0Q1.0 | 1 | 4,366.0 | 4,366.0 | 3.39 | 3.39 | 117.8 |
| 2023.0Q4.0 | 1 | 3,700.0 | 3,700.0 | 2.26 | 2.26 | 149.9 |
| 2023.0Q2.0 | 5 | 4,347.0 | 3,750.0 | 4.02 | 3.74 | 98.7 |
| 2023.0Q1.0 | 2 | 3,825.0 | 3,825.0 | 3.85 | 3.85 | 89.2 |

### 💰 (二) 最貴5筆交易（最近3季）

#### 📅 2023.0Q2.0

| 排名 | 地區 | 總價(萬) | 單價(萬/坪) | 面積(坪) | 地段 |
|:----:|:----:|--------:|-----------:|--------:|:-----|
| 1 | 新店區 | 6,500.0 | 5.63 | 105.6 | 新北市新店區頂城二街２４號 |
| 2 | 林口區 | 4,230.0 | 3.38 | 114.5 | 新北市林口區麗園二街２３巷１５之５號 |
| 3 | 林口區 | 3,750.0 | 3.74 | 91.8 | 新北市林口區麗園二街６０巷６號 |
| 4 | 林口區 | 3,700.0 | 3.50 | 96.8 | 新北市林口區文化北路一段２９９巷２９號 |
| 5 | 林口區 | 3,555.0 | 3.84 | 84.8 | 新北市林口區麗園二街４７巷５６號 |

### 💸 (三) 最便宜5筆交易（最近3季）

#### 📅 2023.0Q2.0

| 排名 | 地區 | 總價(萬) | 單價(萬/坪) | 面積(坪) | 地段 |
|:----:|:----:|--------:|-----------:|--------:|:-----|
| 1 | 林口區 | 3,555.0 | 3.84 | 84.8 | 新北市林口區麗園二街４７巷５６號 |
| 2 | 林口區 | 3,700.0 | 3.50 | 96.8 | 新北市林口區文化北路一段２９９巷２９號 |
| 3 | 林口區 | 3,750.0 | 3.74 | 91.8 | 新北市林口區麗園二街６０巷６號 |
| 4 | 林口區 | 4,230.0 | 3.38 | 114.5 | 新北市林口區麗園二街２３巷１５之５號 |
| 5 | 新店區 | 6,500.0 | 5.63 | 105.6 | 新北市新店區頂城二街２４號 |

---

---

## 導航

[← 上一個: 4房3廳4衛](./4房3廳4衛.md) | [返回目錄](./README.md) | [下一個: 4房4廳2衛 →](./4房4廳2衛.md)
