# 5房2衛 - 詳細分析

> 新北市房地產市場分析

[← 返回目錄](./README.md)

---

## 5房2衛

### 📈 (一) 近12季平均價格趨勢

| 季度 | 交易量<br>(筆) | 平均總價<br>(萬元) | 中位總價<br>(萬元) | 平均單價<br>(萬/坪) | 中位單價<br>(萬/坪) | 平均面積<br>(坪) |
|:----:|------:|--------:|--------:|----------:|----------:|-------:|
| 2025.0Q1.0 | 2 | 4,150.0 | 4,150.0 | 5.48 | 5.48 | 57.6 |
| 2024.0Q4.0 | 2 | 3,909.0 | 3,909.0 | 5.43 | 5.43 | 62.6 |
| 2024.0Q2.0 | 2 | 600.0 | 600.0 | 2.08 | 2.08 | 27.6 |
| 2024.0Q1.0 | 2 | 2,800.0 | 2,800.0 | 3.54 | 3.54 | 72.4 |
| 2023.0Q4.0 | 4 | 2,578.2 | 1,612.5 | 3.63 | 3.51 | 78.9 |
| 2023.0Q3.0 | 3 | 2,216.7 | 1,550.0 | 3.63 | 3.47 | 61.3 |
| 2023.0Q2.0 | 4 | 841.2 | 862.5 | 2.60 | 2.66 | 30.5 |
| 2023.0Q1.0 | 5 | 983.0 | 350.0 | 1.34 | 0.91 | 48.8 |

### 💰 (二) 最貴5筆交易（最近3季）

#### 📅 2023.0Q1.0

| 排名 | 地區 | 總價(萬) | 單價(萬/坪) | 面積(坪) | 地段 |
|:----:|:----:|--------:|-----------:|--------:|:-----|
| 1 | 新店區 | 3,555.0 | 3.13 | 103.8 | 新北市新店區民權路１３０巷１４號三樓 |
| 2 | 淡水區 | 350.0 | 0.91 | 35.0 | 新北市淡水區新民街１８０巷２３號二樓 |
| 3 | 淡水區 | 350.0 | 0.91 | 35.0 | 新北市淡水區新民街１８０巷２３號三樓 |
| 4 | 淡水區 | 330.0 | 0.86 | 35.0 | 新北市淡水區新民街１８０巷２３號四樓 |
| 5 | 淡水區 | 330.0 | 0.86 | 35.0 | 新北市淡水區新民街１８０巷２３號五樓 |

### 💸 (三) 最便宜5筆交易（最近3季）

#### 📅 2023.0Q1.0

| 排名 | 地區 | 總價(萬) | 單價(萬/坪) | 面積(坪) | 地段 |
|:----:|:----:|--------:|-----------:|--------:|:-----|
| 1 | 淡水區 | 330.0 | 0.86 | 35.0 | 新北市淡水區新民街１８０巷２３號四樓 |
| 2 | 淡水區 | 330.0 | 0.86 | 35.0 | 新北市淡水區新民街１８０巷２３號五樓 |
| 3 | 淡水區 | 350.0 | 0.91 | 35.0 | 新北市淡水區新民街１８０巷２３號三樓 |
| 4 | 淡水區 | 350.0 | 0.91 | 35.0 | 新北市淡水區新民街１８０巷２３號二樓 |
| 5 | 新店區 | 3,555.0 | 3.13 | 103.8 | 新北市新店區民權路１３０巷１４號三樓 |

---

---

## 導航

[← 上一個: 5房2廳5衛](./5房2廳5衛.md) | [返回目錄](./README.md) | [下一個: 5房3廳2衛 →](./5房3廳2衛.md)
