# 6房4廳2衛 - 詳細分析

> 新北市房地產市場分析

[← 返回目錄](./README.md)

---

## 6房4廳2衛

### 📈 (一) 近12季平均價格趨勢

| 季度 | 交易量<br>(筆) | 平均總價<br>(萬元) | 中位總價<br>(萬元) | 平均單價<br>(萬/坪) | 中位單價<br>(萬/坪) | 平均面積<br>(坪) |
|:----:|------:|--------:|--------:|----------:|----------:|-------:|
| 2025.0Q2.0 | 5 | 1,140.0 | 1,180.0 | 3.67 | 3.78 | 28.6 |
| 2025.0Q1.0 | 1 | 1,968.0 | 1,968.0 | 5.48 | 5.48 | 32.9 |
| 2024.0Q4.0 | 2 | 1,075.0 | 1,075.0 | 2.35 | 2.35 | 62.7 |
| 2024.0Q3.0 | 3 | 1,116.3 | 989.0 | 3.95 | 4.41 | 26.4 |
| 2024.0Q1.0 | 3 | 1,013.3 | 1,065.0 | 3.68 | 3.65 | 25.3 |
| 2023.0Q4.0 | 3 | 2,042.0 | 1,466.0 | 4.96 | 4.05 | 35.4 |
| 2023.0Q3.0 | 3 | 1,556.0 | 1,118.0 | 3.74 | 3.19 | 35.6 |
| 2023.0Q2.0 | 2 | 2,155.0 | 2,155.0 | 4.43 | 4.43 | 44.5 |
| 2023.0Q1.0 | 2 | 1,425.0 | 1,425.0 | 2.95 | 2.95 | 47.1 |

### 💰 (二) 最貴5筆交易（最近3季）

#### 📅 2025.0Q2.0

| 排名 | 地區 | 總價(萬) | 單價(萬/坪) | 面積(坪) | 地段 |
|:----:|:----:|--------:|-----------:|--------:|:-----|
| 1 | 中和區 | 1,320.0 | 4.03 | 30.0 | 新北市中和區大勇街２７巷１７號四樓 |
| 2 | 中和區 | 1,250.0 | 4.12 | 27.8 | 新北市中和區華安街１６巷１８號五樓 |
| 3 | 中和區 | 1,180.0 | 3.78 | 28.6 | 新北市中和區中山路二段３２８巷１０號五樓 |
| 4 | 蘆洲區 | 1,000.0 | 3.73 | 24.5 | 新北市蘆洲區中興街１３０巷２７號四樓 |
| 5 | 樹林區 | 950.0 | 2.71 | 32.1 | 新北市樹林區復興路３７３巷７弄１４號五樓 |

### 💸 (三) 最便宜5筆交易（最近3季）

#### 📅 2025.0Q2.0

| 排名 | 地區 | 總價(萬) | 單價(萬/坪) | 面積(坪) | 地段 |
|:----:|:----:|--------:|-----------:|--------:|:-----|
| 1 | 樹林區 | 950.0 | 2.71 | 32.1 | 新北市樹林區復興路３７３巷７弄１４號五樓 |
| 2 | 蘆洲區 | 1,000.0 | 3.73 | 24.5 | 新北市蘆洲區中興街１３０巷２７號四樓 |
| 3 | 中和區 | 1,180.0 | 3.78 | 28.6 | 新北市中和區中山路二段３２８巷１０號五樓 |
| 4 | 中和區 | 1,250.0 | 4.12 | 27.8 | 新北市中和區華安街１６巷１８號五樓 |
| 5 | 中和區 | 1,320.0 | 4.03 | 30.0 | 新北市中和區大勇街２７巷１７號四樓 |

---

---

## 導航

[← 上一個: 6房3廳5衛](./6房3廳5衛.md) | [返回目錄](./README.md) | [下一個: 6房4廳3衛 →](./6房4廳3衛.md)
